====Belief State====
		elongated	livarno		mushroom	standard	observation		position   

1)Pre	0.25		0.25		0.25		0.25		elongated(0.2)	top		   
  Post	0.483815	0			0.190493	0.325692

2)Pre	0.483815	0			0.190493	0.325692	livarno(0.4)	side
  Post  0.177582	0.273307	0.215542	0.33357

3)Pre	0.177582	0.273307	0.215542	0.33357		standard(0.5)	top
  Post  0			0.412109	0.172852	0.415039

4)Pre	0			0.412109	0.172852	0.415039	standard(0.2)	top
  Post  0			0.432343	0.157445	0.410212

5)Pre	0			0.432343	0.157445	0.410212	livarno(0.25)	top
  Post  0.273282	0.297344	0.226164	0.203209
														
\\\\\\\\\

1)Pre	0.25		0.25		0.25		0.25		livarno(0.25)	top
  Post  0.286055	0.284925	0.22907		0.19995

2)Pre	0.286055	0.284925	0.22907		0.19995		standard(0.5)	top
  Post  0			0.407317	0.174753	0.417931

3)Pre	0			0.407317	0.174753	0.417931	elongated(0.5)	top
  Post  0.482422	0			0.198975	0.318604

4)Pre	0.482422	0			0.198975	0.318604	livarno(0.333)	inter
  Post  0.283963	0.426371	0			0.289665

5)Pre	0.283963	0.426371	0			0.289665	livarno(0.5)	side
  Post  0.183678	0.270345	0.216524	0.329453

\\\\\\\\

1)Pre	0.25		0.25		0.25		0.25		livarno(0.25)	top
  Post  0.302967	0.271684	0.230875	0.194475

2)Pre	0.302967	0.271684	0.230875	0.194475	standard(0.5)	top
  Post  0			0.416292	0.162497	0.42121

3)Pre	0			0.416292	0.162497	0.42121		elongated(0.5)	top
  Post  0.495605	0			0.187744	0.31665		

4)Pre	0.495605	0			0.187744	0.31665		mushroom(0.25)	top
  Post  0.283307	0.27649		0.440203	0

5)Pre	0.283307	0.27649		0.440203	0			standard(0.667)	inter
  Post  0			0			0			1

\\\\\\\\\\\\\\\\\\\

1)Pre	0.25		0.25		0.25		0.25		livarno(0.333)	inter
  Post  0.286219	0.431408	0			0.282373

2)Pre	0.286219	0.431408	0			0.282373	mushroom(0.4)	top
  Post  0.291285	0.277016	0.431699	0

3)Pre	0.291285	0.277016	0.431699	0			mushroom(1)		inter
  Post  0.209473	0.159912	0.630615	0

4)Pre	0.209473	0.159912	0.630615	0			elongated(0.334)inter
  Post  0.577637	0.422363	0			0

5)Pre	0.577637	0.422363	0			0			elongated(0.333)top
  Post  0.492878	0			0.193944	0.313179


\\\\\\\\\\\\\\\\\\

1)Pre	0.25		0.25		0.25		0.25		livarno(0.5)	inter
  Post  0.278285	0.434389	0			0.287326

2)Pre	0.278285	0.434389	0			0.287326	elongated(0.5)	top
  Post  0.493896	0			0.189697	0.316406

3)Pre	0.493896	0			0.189697	0.316406	livarno(0.25)	top
  Post  0.287539	0.295121	0.231829	0.185511

4)Pre	0.287539	0.295121	0.231829	0.185511	livarno(0.6)	side
  Post  0.175753	0.274497	0.220684	0.329066

5)Pre	0.175753	0.274497	0.220684	0.329066	elongated(0.2)	top
  Post  0.471876	0			0.202121	0.326003	


====================

==Information gain==
	elongated	livarno		mushroom	standard		reward

1)	0.460846	0			-0.0747093	0.124278		0.249209
2) 	-0.256778	0.5			0.0384163	0.0115012		0.103171
3)	0			0.244178	-0.0550422	0.130845		0.14542
4)	0			0.0298957	-0.021205	-0.00692357		0.00674642
5)	0.5			-0.160578	 0.118175	-0.205933		0.0737736


\\\\\\\\\\

1)	0.0555985	0.0537526	-0.0288952	-0.0644413		 0.0117156
2)	0			0.209999	-0.0682362	 0.444521		 0.259391
3)	0.5			0			0.0372622	-0.124734		 0.208885
4)	-0.217116	0.5			0			-0.0397928		 0.140006
5)	-0.115446	-0.1777		0.5			0.0611746		 0.0591706

\\\\\\\\\\\

1)	0.0839919	0.032602	-0.0265085	 -0.070467		 0.01448
2)	0			0.256298	-0.0823365	 0.469632		 0.291129
3)	0.5			0			0.0391168    -0.130349		 0.213872
4)	-0.228579	0.5			0.541186	 0				 0.311718
5)	0			0			0			 0.5			 0.5


\\\\\\\\\\\\

1)	0.0558673	0.339572	0			0.0496061		 0.176492
2)	0.00737351	-0.177036	0.5			0				 0.168955
3)	-0.09964	-0.126761	0.344779	0				 0.17628
4)  0.845314	0.591818	0			0				 0.738246
5)  -0.112836	0			0.5			0.5				 0.197947


\\\\\\\\\\\\\

1)	0.0430325	0.346235	0			0.0576832		 0.17895
2)	0.408771	0			0.5			0.0440093		 0.310664
3)  -0.22441	0.5			0.0670818	-0.142894		 0.0720768
4)	-0.124821	-0.0286895	-0.0156853	0.272095		 0.0562629
5)	0.672355	0			-0.0256213	-0.00439822		 0.310656

















		






	


	

	

	

====================