Original p2
0.715295238724 0.297928065979 0.782962913145
_______________
Neighbours
1 p3 1.13355339059	0.41	0.653553390593
2 p0 0.909409522551	0.41	0.782962913145
3 p1 0.715295238724	0.522071934021	0.782962913145
4 p6 0.461459401934	0.563401067088	0.653553390593
5 p7 0.461459401934	0.256598932912	0.653553390593
6 p4 1.00043693345	0.686419171499	0.653553390593
7 p5 0.701326969322	0.754689068936	0.653553390593
8 p8 0.701326969322	0.0653109310641	0.653553390593
9 p9 1.00043693345	0.133580828501	0.653553390593
10 p11 1.17072520439	0.693878477751	0.429409522551
11 p14 0.389274795613	0.693878477751	0.429409522551
12 p15 0.297037086855	0.41	0.429409522551
13 p16 0.389274795613	0.126121522249	0.429409522551
14 p17 0.630756252186	-0.049325025675	0.429409522551
15 p18 0.929243747814	-0.049325025675	0.429409522551
16 p19 1.17072520439	0.126121522249	0.429409522551
_______________
---
Original p3
1.13355339059 0.41 0.653553390593
_______________
Neighbours
1 p2 0.715295238724	0.297928065979	0.782962913145
2 p0 0.909409522551	0.41	0.782962913145
3 p1 0.715295238724	0.522071934021	0.782962913145
4 p4 1.00043693345	0.686419171499	0.653553390593
5 p5 0.701326969322	0.754689068936	0.653553390593
6 p8 0.701326969322	0.0653109310641	0.653553390593
7 p9 1.00043693345	0.133580828501	0.653553390593
8 p10 1.26296291314	0.41	0.429409522551
9 p11 1.17072520439	0.693878477751	0.429409522551
10 p12 0.929243747814	0.869325025675	0.429409522551
11 p18 0.929243747814	-0.049325025675	0.429409522551
12 p19 1.17072520439	0.126121522249	0.429409522551
_______________
---
Original p0
0.909409522551 0.41 0.782962913145
_______________
Neighbours
1 p2 0.715295238724	0.297928065979	0.782962913145
2 p3 1.13355339059	0.41	0.653553390593
3 p1 0.715295238724	0.522071934021	0.782962913145
4 p6 0.461459401934	0.563401067088	0.653553390593
5 p7 0.461459401934	0.256598932912	0.653553390593
6 p4 1.00043693345	0.686419171499	0.653553390593
7 p5 0.701326969322	0.754689068936	0.653553390593
8 p8 0.701326969322	0.0653109310641	0.653553390593
9 p9 1.00043693345	0.133580828501	0.653553390593
10 p10 1.26296291314	0.41	0.429409522551
11 p11 1.17072520439	0.693878477751	0.429409522551
12 p12 0.929243747814	0.869325025675	0.429409522551
13 p13 0.630756252186	0.869325025675	0.429409522551
14 p17 0.630756252186	-0.049325025675	0.429409522551
15 p18 0.929243747814	-0.049325025675	0.429409522551
16 p19 1.17072520439	0.126121522249	0.429409522551
_______________
---
Original p1
0.715295238724 0.522071934021 0.782962913145
_______________
Neighbours
1 p2 0.715295238724	0.297928065979	0.782962913145
2 p3 1.13355339059	0.41	0.653553390593
3 p0 0.909409522551	0.41	0.782962913145
4 p6 0.461459401934	0.563401067088	0.653553390593
5 p7 0.461459401934	0.256598932912	0.653553390593
6 p4 1.00043693345	0.686419171499	0.653553390593
7 p5 0.701326969322	0.754689068936	0.653553390593
8 p8 0.701326969322	0.0653109310641	0.653553390593
9 p9 1.00043693345	0.133580828501	0.653553390593
10 p11 1.17072520439	0.693878477751	0.429409522551
11 p12 0.929243747814	0.869325025675	0.429409522551
12 p13 0.630756252186	0.869325025675	0.429409522551
13 p14 0.389274795613	0.693878477751	0.429409522551
14 p15 0.297037086855	0.41	0.429409522551
15 p16 0.389274795613	0.126121522249	0.429409522551
16 p19 1.17072520439	0.126121522249	0.429409522551
_______________
---
Original p6
0.461459401934 0.563401067088 0.653553390593
_______________
Neighbours
1 p2 0.715295238724	0.297928065979	0.782962913145
2 p0 0.909409522551	0.41	0.782962913145
3 p1 0.715295238724	0.522071934021	0.782962913145
4 p7 0.461459401934	0.256598932912	0.653553390593
5 p5 0.701326969322	0.754689068936	0.653553390593
6 p8 0.701326969322	0.0653109310641	0.653553390593
7 p12 0.929243747814	0.869325025675	0.429409522551
8 p13 0.630756252186	0.869325025675	0.429409522551
9 p14 0.389274795613	0.693878477751	0.429409522551
10 p15 0.297037086855	0.41	0.429409522551
11 p16 0.389274795613	0.126121522249	0.429409522551
_______________
---
Original p7
0.461459401934 0.256598932912 0.653553390593
_______________
Neighbours
1 p2 0.715295238724	0.297928065979	0.782962913145
2 p0 0.909409522551	0.41	0.782962913145
3 p1 0.715295238724	0.522071934021	0.782962913145
4 p6 0.461459401934	0.563401067088	0.653553390593
5 p5 0.701326969322	0.754689068936	0.653553390593
6 p8 0.701326969322	0.0653109310641	0.653553390593
7 p14 0.389274795613	0.693878477751	0.429409522551
8 p15 0.297037086855	0.41	0.429409522551
9 p16 0.389274795613	0.126121522249	0.429409522551
10 p17 0.630756252186	-0.049325025675	0.429409522551
11 p18 0.929243747814	-0.049325025675	0.429409522551
_______________
---
Original p4
1.00043693345 0.686419171499 0.653553390593
_______________
Neighbours
1 p2 0.715295238724	0.297928065979	0.782962913145
2 p3 1.13355339059	0.41	0.653553390593
3 p0 0.909409522551	0.41	0.782962913145
4 p1 0.715295238724	0.522071934021	0.782962913145
5 p5 0.701326969322	0.754689068936	0.653553390593
6 p10 1.26296291314	0.41	0.429409522551
7 p11 1.17072520439	0.693878477751	0.429409522551
8 p12 0.929243747814	0.869325025675	0.429409522551
9 p13 0.630756252186	0.869325025675	0.429409522551
_______________
---
Original p5
0.701326969322 0.754689068936 0.653553390593
_______________
Neighbours
1 p2 0.715295238724	0.297928065979	0.782962913145
2 p3 1.13355339059	0.41	0.653553390593
3 p0 0.909409522551	0.41	0.782962913145
4 p1 0.715295238724	0.522071934021	0.782962913145
5 p6 0.461459401934	0.563401067088	0.653553390593
6 p7 0.461459401934	0.256598932912	0.653553390593
7 p4 1.00043693345	0.686419171499	0.653553390593
8 p11 1.17072520439	0.693878477751	0.429409522551
9 p12 0.929243747814	0.869325025675	0.429409522551
10 p13 0.630756252186	0.869325025675	0.429409522551
11 p14 0.389274795613	0.693878477751	0.429409522551
12 p15 0.297037086855	0.41	0.429409522551
_______________
---
Original p8
0.701326969322 0.0653109310641 0.653553390593
_______________
Neighbours
1 p2 0.715295238724	0.297928065979	0.782962913145
2 p3 1.13355339059	0.41	0.653553390593
3 p0 0.909409522551	0.41	0.782962913145
4 p1 0.715295238724	0.522071934021	0.782962913145
5 p6 0.461459401934	0.563401067088	0.653553390593
6 p7 0.461459401934	0.256598932912	0.653553390593
7 p9 1.00043693345	0.133580828501	0.653553390593
8 p15 0.297037086855	0.41	0.429409522551
9 p16 0.389274795613	0.126121522249	0.429409522551
10 p17 0.630756252186	-0.049325025675	0.429409522551
11 p18 0.929243747814	-0.049325025675	0.429409522551
12 p19 1.17072520439	0.126121522249	0.429409522551
_______________
---
Original p9
1.00043693345 0.133580828501 0.653553390593
_______________
Neighbours
1 p2 0.715295238724	0.297928065979	0.782962913145
2 p3 1.13355339059	0.41	0.653553390593
3 p0 0.909409522551	0.41	0.782962913145
4 p1 0.715295238724	0.522071934021	0.782962913145
5 p8 0.701326969322	0.0653109310641	0.653553390593
6 p10 1.26296291314	0.41	0.429409522551
7 p17 0.630756252186	-0.049325025675	0.429409522551
8 p18 0.929243747814	-0.049325025675	0.429409522551
9 p19 1.17072520439	0.126121522249	0.429409522551
_______________
---
Original p10
1.26296291314 0.41 0.429409522551
_______________
Neighbours
1 p3 1.13355339059	0.41	0.653553390593
2 p0 0.909409522551	0.41	0.782962913145
3 p4 1.00043693345	0.686419171499	0.653553390593
4 p9 1.00043693345	0.133580828501	0.653553390593
5 p11 1.17072520439	0.693878477751	0.429409522551
6 p12 0.929243747814	0.869325025675	0.429409522551
7 p18 0.929243747814	-0.049325025675	0.429409522551
8 p19 1.17072520439	0.126121522249	0.429409522551
_______________
---
Original p11
1.17072520439 0.693878477751 0.429409522551
_______________
Neighbours
1 p2 0.715295238724	0.297928065979	0.782962913145
2 p3 1.13355339059	0.41	0.653553390593
3 p0 0.909409522551	0.41	0.782962913145
4 p1 0.715295238724	0.522071934021	0.782962913145
5 p4 1.00043693345	0.686419171499	0.653553390593
6 p5 0.701326969322	0.754689068936	0.653553390593
7 p10 1.26296291314	0.41	0.429409522551
8 p12 0.929243747814	0.869325025675	0.429409522551
_______________
---
Original p12
0.929243747814 0.869325025675 0.429409522551
_______________
Neighbours
1 p3 1.13355339059	0.41	0.653553390593
2 p0 0.909409522551	0.41	0.782962913145
3 p1 0.715295238724	0.522071934021	0.782962913145
4 p6 0.461459401934	0.563401067088	0.653553390593
5 p4 1.00043693345	0.686419171499	0.653553390593
6 p5 0.701326969322	0.754689068936	0.653553390593
7 p10 1.26296291314	0.41	0.429409522551
8 p11 1.17072520439	0.693878477751	0.429409522551
9 p13 0.630756252186	0.869325025675	0.429409522551
_______________
---
Original p13
0.630756252186 0.869325025675 0.429409522551
_______________
Neighbours
1 p0 0.909409522551	0.41	0.782962913145
2 p1 0.715295238724	0.522071934021	0.782962913145
3 p6 0.461459401934	0.563401067088	0.653553390593
4 p4 1.00043693345	0.686419171499	0.653553390593
5 p5 0.701326969322	0.754689068936	0.653553390593
6 p12 0.929243747814	0.869325025675	0.429409522551
7 p14 0.389274795613	0.693878477751	0.429409522551
8 p15 0.297037086855	0.41	0.429409522551
_______________
---
Original p14
0.389274795613 0.693878477751 0.429409522551
_______________
Neighbours
1 p2 0.715295238724	0.297928065979	0.782962913145
2 p1 0.715295238724	0.522071934021	0.782962913145
3 p6 0.461459401934	0.563401067088	0.653553390593
4 p7 0.461459401934	0.256598932912	0.653553390593
5 p5 0.701326969322	0.754689068936	0.653553390593
6 p13 0.630756252186	0.869325025675	0.429409522551
7 p15 0.297037086855	0.41	0.429409522551
_______________
---
Original p15
0.297037086855 0.41 0.429409522551
_______________
Neighbours
1 p2 0.715295238724	0.297928065979	0.782962913145
2 p1 0.715295238724	0.522071934021	0.782962913145
3 p6 0.461459401934	0.563401067088	0.653553390593
4 p7 0.461459401934	0.256598932912	0.653553390593
5 p5 0.701326969322	0.754689068936	0.653553390593
6 p8 0.701326969322	0.0653109310641	0.653553390593
7 p13 0.630756252186	0.869325025675	0.429409522551
8 p14 0.389274795613	0.693878477751	0.429409522551
9 p16 0.389274795613	0.126121522249	0.429409522551
10 p17 0.630756252186	-0.049325025675	0.429409522551
_______________
---
Original p16
0.389274795613 0.126121522249 0.429409522551
_______________
Neighbours
1 p2 0.715295238724	0.297928065979	0.782962913145
2 p1 0.715295238724	0.522071934021	0.782962913145
3 p6 0.461459401934	0.563401067088	0.653553390593
4 p7 0.461459401934	0.256598932912	0.653553390593
5 p8 0.701326969322	0.0653109310641	0.653553390593
6 p15 0.297037086855	0.41	0.429409522551
7 p17 0.630756252186	-0.049325025675	0.429409522551
_______________
---
Original p17
0.630756252186 -0.049325025675 0.429409522551
_______________
Neighbours
1 p2 0.715295238724	0.297928065979	0.782962913145
2 p0 0.909409522551	0.41	0.782962913145
3 p7 0.461459401934	0.256598932912	0.653553390593
4 p8 0.701326969322	0.0653109310641	0.653553390593
5 p9 1.00043693345	0.133580828501	0.653553390593
6 p15 0.297037086855	0.41	0.429409522551
7 p16 0.389274795613	0.126121522249	0.429409522551
8 p18 0.929243747814	-0.049325025675	0.429409522551
_______________
---
Original p18
0.929243747814 -0.049325025675 0.429409522551
_______________
Neighbours
1 p2 0.715295238724	0.297928065979	0.782962913145
2 p3 1.13355339059	0.41	0.653553390593
3 p0 0.909409522551	0.41	0.782962913145
4 p7 0.461459401934	0.256598932912	0.653553390593
5 p8 0.701326969322	0.0653109310641	0.653553390593
6 p9 1.00043693345	0.133580828501	0.653553390593
7 p10 1.26296291314	0.41	0.429409522551
8 p17 0.630756252186	-0.049325025675	0.429409522551
9 p19 1.17072520439	0.126121522249	0.429409522551
_______________
---
Original p19
1.17072520439 0.126121522249 0.429409522551
_______________
Neighbours
1 p2 0.715295238724	0.297928065979	0.782962913145
2 p3 1.13355339059	0.41	0.653553390593
3 p0 0.909409522551	0.41	0.782962913145
4 p1 0.715295238724	0.522071934021	0.782962913145
5 p8 0.701326969322	0.0653109310641	0.653553390593
6 p9 1.00043693345	0.133580828501	0.653553390593
7 p10 1.26296291314	0.41	0.429409522551
8 p18 0.929243747814	-0.049325025675	0.429409522551
_______________
---
